100
100
4 10 1
4 10 2
4 10 3
4 10 4
4 10 5
4 10 6
4 10 7
4 10 8
4 10 9
4 10 10
4 10 11
4 10 12
4 10 13
4 10 14
4 10 15
4 10 16
4 10 17
4 10 18
4 10 19
4 10 20
4 10 21
4 10 22
4 10 23
4 10 24
4 10 25
4 10 26
4 10 27
4 10 28
4 10 29
4 10 30
4 10 31
4 10 32
4 10 33
4 10 34
4 10 35
4 10 36
4 10 37
4 10 38
4 10 39
4 10 40
4 10 41
4 11 1
4 11 41
4 12 1
4 12 41
4 13 1
6 13 38
4 13 41
4 14 1
4 14 41
4 15 1
4 15 41
4 16 1
4 16 41
4 17 1
4 17 41
4 18 1
4 18 41
4 19 1
4 19 41
4 20 1
4 20 41
4 21 1
4 21 41
4 22 1
4 22 41
4 23 1
3 23 11
3 23 12
3 23 13
3 23 14
3 23 15
3 23 16
3 23 17
3 23 18
3 23 19
3 23 20
3 23 21
3 23 22
3 23 23
3 23 24
3 23 25
3 23 26
1 23 27
3 23 28
3 23 29
3 23 30
2 23 31
2 23 32
2 23 33
2 23 34
2 23 35
2 23 36
2 23 37
2 23 38
2 23 39
2 23 40
4 23 41
4 24 1
3 24 11
3 24 12
3 24 13
3 24 14
3 24 15
3 24 16
3 24 17
3 24 18
3 24 19
3 24 20
3 24 21
3 24 22
3 24 23
3 24 24
3 24 25
3 24 26
1 24 27
3 24 28
3 24 29
3 24 30
2 24 31
2 24 32
2 24 33
2 24 34
2 24 35
2 24 36
2 24 37
2 24 38
2 24 39
2 24 40
4 24 41
4 25 1
3 25 11
3 25 12
3 25 13
3 25 14
3 25 15
3 25 16
3 25 17
3 25 18
3 25 19
3 25 20
3 25 21
3 25 22
3 25 23
3 25 24
3 25 25
3 25 26
1 25 27
3 25 28
3 25 29
3 25 30
2 25 31
2 25 32
2 25 33
2 25 34
2 25 35
2 25 36
2 25 37
2 25 38
2 25 39
2 25 40
4 25 41
4 26 1
3 26 11
3 26 12
3 26 13
3 26 14
3 26 15
3 26 16
3 26 17
3 26 18
3 26 19
3 26 20
3 26 21
3 26 22
3 26 23
3 26 24
3 26 25
3 26 26
1 26 27
3 26 28
3 26 29
3 26 30
2 26 31
2 26 32
2 26 33
2 26 34
2 26 35
2 26 36
2 26 37
2 26 38
2 26 39
2 26 40
4 26 41
4 27 1
3 27 11
3 27 12
3 27 13
3 27 14
3 27 15
3 27 16
3 27 17
3 27 18
3 27 19
3 27 20
3 27 21
3 27 22
3 27 23
3 27 24
3 27 25
3 27 26
1 27 27
3 27 28
3 27 29
3 27 30
2 27 31
2 27 32
2 27 33
2 27 34
2 27 35
2 27 36
2 27 37
2 27 38
2 27 39
2 27 40
4 27 41
4 28 1
3 28 11
3 28 12
3 28 13
3 28 14
3 28 15
3 28 16
3 28 17
3 28 18
3 28 19
3 28 20
3 28 21
3 28 22
3 28 23
3 28 24
3 28 25
3 28 26
1 28 27
3 28 28
3 28 29
3 28 30
2 28 31
2 28 32
2 28 33
2 28 34
2 28 35
2 28 36
2 28 37
2 28 38
2 28 39
2 28 40
4 28 41
4 29 1
3 29 11
3 29 12
3 29 13
3 29 14
3 29 15
3 29 16
3 29 17
3 29 18
3 29 19
3 29 20
3 29 21
3 29 22
3 29 23
3 29 24
3 29 25
3 29 26
1 29 27
3 29 28
3 29 29
3 29 30
2 29 31
2 29 32
2 29 33
2 29 34
2 29 35
2 29 36
2 29 37
2 29 38
2 29 39
2 29 40
4 29 41
4 30 1
3 30 11
3 30 12
3 30 13
3 30 14
3 30 15
3 30 16
3 30 17
3 30 18
3 30 19
3 30 20
3 30 21
3 30 22
3 30 23
3 30 24
3 30 25
3 30 26
1 30 27
3 30 28
3 30 29
3 30 30
2 30 31
2 30 32
2 30 33
2 30 34
2 30 35
2 30 36
2 30 37
2 30 38
2 30 39
2 30 40
4 30 41
4 31 1
3 31 11
3 31 12
3 31 13
3 31 14
3 31 15
3 31 16
3 31 17
3 31 18
3 31 19
3 31 20
3 31 21
3 31 22
1 31 23
1 31 24
1 31 25
1 31 26
1 31 27
1 31 28
1 31 29
3 31 30
2 31 31
2 31 32
2 31 33
2 31 34
2 31 35
2 31 36
2 31 37
2 31 38
2 31 39
2 31 40
4 31 41
4 32 1
3 32 11
3 32 12
3 32 13
3 32 14
3 32 15
3 32 16
3 32 17
3 32 18
3 32 19
3 32 20
3 32 21
3 32 22
1 32 23
3 32 24
3 32 25
3 32 26
3 32 27
3 32 28
1 32 29
3 32 30
2 32 31
2 32 32
2 32 33
2 32 34
2 32 35
2 32 36
2 32 37
2 32 38
2 32 39
2 32 40
4 32 41
4 33 1
3 33 11
3 33 12
3 33 13
3 33 14
3 33 15
3 33 16
3 33 17
3 33 18
3 33 19
3 33 20
3 33 21
3 33 22
1 33 23
3 33 24
3 33 25
3 33 26
3 33 27
3 33 28
1 33 29
3 33 30
2 33 31
2 33 32
2 33 33
2 33 34
2 33 35
2 33 36
2 33 37
2 33 38
2 33 39
2 33 40
4 33 41
4 34 1
3 34 11
3 34 12
3 34 13
3 34 14
3 34 15
3 34 16
3 34 17
3 34 18
3 34 19
3 34 20
3 34 21
3 34 22
1 34 23
3 34 24
3 34 25
3 34 26
3 34 27
3 34 28
1 34 29
3 34 30
2 34 31
2 34 32
2 34 33
2 34 34
2 34 35
2 34 36
2 34 37
2 34 38
2 34 39
2 34 40
4 34 41
4 35 1
3 35 11
3 35 12
3 35 13
3 35 14
3 35 15
3 35 16
3 35 17
3 35 18
3 35 19
3 35 20
3 35 21
3 35 22
1 35 23
3 35 24
3 35 25
3 35 26
3 35 27
3 35 28
1 35 29
3 35 30
2 35 31
2 35 32
2 35 33
2 35 34
2 35 35
2 35 36
2 35 37
2 35 38
2 35 39
2 35 40
4 35 41
4 36 1
3 36 11
3 36 12
3 36 13
3 36 14
3 36 15
3 36 16
3 36 17
3 36 18
3 36 19
3 36 20
3 36 21
3 36 22
1 36 23
3 36 24
3 36 25
3 36 26
3 36 27
3 36 28
1 36 29
3 36 30
2 36 31
2 36 32
2 36 33
2 36 34
2 36 35
2 36 36
2 36 37
2 36 38
2 36 39
2 36 40
4 36 41
4 37 1
3 37 11
3 37 12
3 37 13
3 37 14
3 37 15
3 37 16
3 37 17
3 37 18
3 37 19
3 37 20
3 37 21
3 37 22
1 37 23
3 37 24
3 37 25
3 37 26
3 37 27
3 37 28
1 37 29
3 37 30
2 37 31
2 37 32
2 37 33
2 37 34
2 37 35
2 37 36
2 37 37
2 37 38
2 37 39
2 37 40
4 37 41
4 38 1
3 38 11
3 38 12
3 38 13
3 38 14
3 38 15
3 38 16
3 38 17
3 38 18
3 38 19
3 38 20
3 38 21
3 38 22
1 38 23
3 38 24
3 38 25
3 38 26
3 38 27
3 38 28
1 38 29
3 38 30
2 38 31
2 38 32
2 38 33
2 38 34
2 38 35
2 38 36
2 38 37
2 38 38
2 38 39
2 38 40
4 38 41
4 39 1
3 39 21
3 39 22
4 39 41
4 40 1
3 40 21
3 40 22
4 40 41
4 41 1
3 41 21
3 41 22
4 41 41
4 42 1
3 42 21
3 42 22
4 42 41
4 43 1
3 43 21
3 43 22
5 43 31
4 43 41
4 44 1
3 44 21
3 44 22
4 44 41
4 45 1
4 45 41
4 46 1
4 46 41
4 47 1
4 47 41
4 48 1
4 48 2
4 48 3
4 48 4
4 48 5
4 48 6
4 48 7
4 48 8
4 48 9
4 48 10
4 48 11
4 48 12
4 48 13
4 48 14
4 48 15
4 48 16
4 48 17
4 48 18
4 48 19
4 48 20
4 48 21
4 48 22
4 48 23
4 48 24
4 48 25
4 48 26
4 48 27
4 48 28
4 48 29
4 48 30
4 48 31
4 48 32
4 48 33
4 48 34
4 48 35
4 48 36
4 48 37
4 48 38
4 48 39
4 48 40
4 48 41
