100
100
4 10 1
4 10 2
4 10 3
4 10 4
4 10 5
4 10 6
4 10 7
4 10 8
4 10 9
4 10 10
4 10 11
4 10 12
4 10 13
4 10 14
4 10 15
4 10 16
4 10 17
4 10 18
4 10 19
4 10 20
4 10 21
4 10 22
4 10 23
4 10 24
4 10 25
4 10 26
4 10 27
4 10 28
4 10 29
4 10 30
4 10 31
4 10 32
4 10 33
4 10 34
4 10 35
4 10 36
4 10 37
4 10 38
4 10 39
4 10 40
4 10 41
4 11 1
4 11 41
4 12 1
4 12 41
4 13 1
4 13 41
4 14 1
4 14 41
4 15 1
4 15 41
4 16 1
6 16 32
4 16 41
4 17 1
4 17 41
4 18 1
4 18 41
4 19 1
4 19 41
4 20 1
3 20 4
3 20 5
3 20 6
3 20 7
3 20 8
3 20 9
3 20 10
3 20 11
3 20 12
3 20 13
3 20 14
3 20 15
3 20 16
3 20 17
3 20 18
3 20 19
4 20 20
4 20 22
3 20 23
3 20 24
3 20 25
3 20 26
2 20 27
3 20 28
3 20 29
3 20 30
3 20 31
3 20 32
3 20 33
3 20 34
3 20 35
3 20 36
3 20 37
3 20 38
3 20 39
3 20 40
4 20 41
4 21 1
3 21 4
3 21 5
3 21 6
3 21 7
3 21 8
3 21 9
3 21 10
3 21 11
3 21 12
3 21 13
3 21 14
3 21 15
3 21 16
3 21 17
3 21 18
3 21 19
4 21 20
4 21 22
3 21 23
3 21 24
3 21 25
3 21 26
2 21 27
3 21 28
3 21 29
3 21 30
3 21 31
3 21 32
3 21 33
3 21 34
3 21 35
3 21 36
3 21 37
3 21 38
3 21 39
3 21 40
4 21 41
4 22 1
3 22 4
3 22 5
3 22 6
3 22 7
3 22 8
3 22 9
3 22 10
3 22 11
3 22 12
3 22 13
3 22 14
3 22 15
3 22 16
3 22 17
3 22 18
3 22 19
4 22 20
4 22 22
3 22 23
3 22 24
3 22 25
3 22 26
2 22 27
3 22 28
3 22 29
3 22 30
3 22 31
3 22 32
3 22 33
3 22 34
3 22 35
3 22 36
3 22 37
3 22 38
3 22 39
3 22 40
4 22 41
4 23 1
3 23 4
3 23 5
3 23 6
3 23 7
3 23 8
4 23 9
4 23 10
4 23 11
4 23 12
4 23 13
4 23 14
4 23 15
4 23 16
4 23 17
4 23 18
4 23 19
4 23 20
4 23 22
3 23 23
3 23 24
3 23 25
3 23 26
2 23 27
3 23 28
3 23 29
3 23 30
3 23 31
3 23 32
3 23 33
3 23 34
3 23 35
3 23 36
3 23 37
3 23 38
3 23 39
3 23 40
4 23 41
4 24 1
3 24 4
3 24 5
3 24 6
3 24 7
3 24 8
4 24 9
4 24 20
4 24 22
3 24 23
3 24 24
3 24 25
3 24 26
2 24 27
3 24 28
3 24 29
3 24 30
3 24 31
3 24 32
3 24 33
3 24 34
3 24 35
3 24 36
3 24 37
3 24 38
3 24 39
3 24 40
4 24 41
4 25 1
3 25 4
3 25 5
3 25 6
3 25 7
3 25 8
4 25 9
4 25 11
4 25 12
4 25 13
4 25 14
4 25 15
4 25 16
4 25 17
4 25 18
4 25 20
4 25 22
3 25 23
3 25 24
3 25 25
3 25 26
2 25 27
3 25 28
3 25 29
3 25 30
3 25 31
3 25 32
3 25 33
3 25 34
3 25 35
3 25 36
3 25 37
3 25 38
3 25 39
3 25 40
4 25 41
4 26 1
3 26 4
3 26 5
3 26 6
3 26 7
3 26 8
4 26 9
4 26 11
4 26 15
4 26 16
4 26 17
4 26 18
4 26 20
4 26 22
3 26 23
3 26 24
3 26 25
3 26 26
2 26 27
3 26 28
3 26 29
3 26 30
3 26 31
3 26 32
3 26 33
3 26 34
3 26 35
3 26 36
3 26 37
3 26 38
3 26 39
3 26 40
4 26 41
4 27 1
3 27 4
3 27 5
3 27 6
3 27 7
3 27 8
4 27 9
4 27 11
4 27 13
4 27 15
4 27 16
4 27 17
4 27 18
4 27 20
4 27 22
3 27 23
3 27 24
3 27 25
3 27 26
2 27 27
3 27 28
3 27 29
3 27 30
3 27 31
3 27 32
3 27 33
3 27 34
3 27 35
3 27 36
3 27 37
3 27 38
3 27 39
3 27 40
4 27 41
4 28 1
3 28 4
3 28 5
3 28 6
3 28 7
3 28 8
4 28 9
4 28 11
4 28 13
4 28 15
4 28 16
4 28 17
4 28 18
4 28 20
4 28 22
3 28 23
3 28 24
3 28 25
3 28 26
2 28 27
3 28 28
3 28 29
3 28 30
3 28 31
3 28 32
3 28 33
3 28 34
3 28 35
3 28 36
3 28 37
3 28 38
3 28 39
3 28 40
4 28 41
4 29 1
3 29 4
3 29 5
3 29 6
3 29 7
3 29 8
4 29 9
4 29 11
4 29 13
4 29 15
4 29 16
4 29 17
4 29 18
4 29 20
4 29 22
3 29 23
3 29 24
3 29 25
3 29 26
2 29 27
3 29 28
3 29 29
3 29 30
3 29 31
3 29 32
3 29 33
3 29 34
3 29 35
3 29 36
3 29 37
3 29 38
3 29 39
3 29 40
4 29 41
4 30 1
3 30 4
3 30 5
3 30 6
3 30 7
3 30 8
4 30 9
4 30 11
4 30 13
4 30 15
4 30 16
4 30 17
4 30 18
4 30 20
4 30 22
3 30 23
3 30 24
3 30 25
3 30 26
2 30 27
3 30 28
3 30 29
3 30 30
3 30 31
3 30 32
3 30 33
3 30 34
3 30 35
3 30 36
3 30 37
3 30 38
3 30 39
3 30 40
4 30 41
4 31 1
3 31 4
3 31 5
3 31 6
3 31 7
3 31 8
4 31 9
4 31 11
4 31 13
4 31 15
4 31 16
4 31 17
4 31 18
4 31 20
4 31 22
3 31 23
3 31 24
3 31 25
3 31 26
2 31 27
2 31 28
2 31 29
3 31 30
3 31 31
3 31 32
3 31 33
3 31 34
3 31 35
3 31 36
3 31 37
3 31 38
3 31 39
3 31 40
4 31 41
4 32 1
3 32 4
3 32 5
3 32 6
3 32 7
3 32 8
4 32 9
4 32 11
4 32 13
4 32 15
4 32 16
4 32 17
4 32 18
4 32 20
4 32 22
3 32 23
3 32 24
3 32 25
3 32 26
3 32 27
3 32 28
2 32 29
3 32 30
3 32 31
3 32 32
3 32 33
3 32 34
3 32 35
3 32 36
3 32 37
3 32 38
3 32 39
3 32 40
4 32 41
4 33 1
3 33 4
3 33 5
3 33 6
3 33 7
3 33 8
4 33 9
4 33 11
4 33 13
4 33 15
4 33 16
4 33 17
4 33 18
4 33 20
4 33 22
3 33 23
3 33 24
3 33 25
3 33 26
3 33 27
3 33 28
2 33 29
3 33 30
3 33 31
3 33 32
3 33 33
3 33 34
3 33 35
3 33 36
3 33 37
3 33 38
3 33 39
3 33 40
4 33 41
4 34 1
3 34 4
3 34 5
3 34 6
3 34 7
3 34 8
4 34 9
4 34 11
4 34 13
4 34 15
4 34 16
4 34 17
4 34 18
4 34 20
4 34 22
3 34 23
3 34 24
3 34 25
3 34 26
3 34 27
3 34 28
2 34 29
3 34 30
3 34 31
3 34 32
3 34 33
3 34 34
3 34 35
3 34 36
3 34 37
3 34 38
3 34 39
3 34 40
4 34 41
4 35 1
3 35 4
3 35 5
3 35 6
3 35 7
3 35 8
4 35 9
4 35 11
4 35 13
4 35 20
4 35 22
3 35 23
3 35 24
3 35 25
3 35 26
3 35 27
3 35 28
2 35 29
3 35 30
3 35 31
3 35 32
3 35 33
3 35 34
3 35 35
3 35 36
3 35 37
3 35 38
3 35 39
3 35 40
4 35 41
4 36 1
3 36 4
3 36 5
3 36 6
3 36 7
3 36 8
4 36 9
4 36 11
4 36 13
4 36 14
4 36 15
4 36 16
4 36 17
4 36 18
4 36 19
4 36 20
4 36 22
3 36 23
3 36 24
3 36 25
3 36 26
3 36 27
3 36 28
2 36 29
3 36 30
3 36 31
3 36 32
3 36 33
3 36 34
3 36 35
3 36 36
3 36 37
3 36 38
3 36 39
3 36 40
4 36 41
4 37 1
3 37 4
3 37 5
3 37 6
3 37 7
3 37 8
4 37 9
4 37 11
4 37 22
3 37 23
3 37 24
3 37 25
3 37 26
3 37 27
3 37 28
2 37 29
3 37 30
3 37 31
3 37 32
3 37 33
3 37 34
3 37 35
3 37 36
3 37 37
3 37 38
3 37 39
3 37 40
4 37 41
4 38 1
3 38 4
3 38 5
3 38 6
3 38 7
3 38 8
4 38 9
4 38 11
4 38 12
4 38 13
4 38 14
4 38 15
4 38 16
4 38 17
4 38 18
4 38 19
4 38 20
4 38 21
4 38 22
3 38 23
3 38 24
3 38 25
3 38 26
3 38 27
3 38 28
2 38 29
3 38 30
3 38 31
3 38 32
3 38 33
3 38 34
3 38 35
3 38 36
3 38 37
3 38 38
3 38 39
3 38 40
4 38 41
4 39 1
3 39 4
3 39 5
3 39 6
3 39 7
3 39 8
4 39 9
4 39 21
4 39 22
3 39 23
3 39 24
3 39 25
3 39 26
3 39 27
3 39 28
2 39 29
3 39 30
3 39 31
3 39 32
3 39 33
3 39 34
3 39 35
3 39 36
3 39 37
3 39 38
3 39 39
3 39 40
4 39 41
4 40 1
4 40 7
4 40 8
4 40 9
4 40 21
4 40 22
3 40 23
3 40 24
3 40 25
3 40 26
3 40 27
3 40 28
2 40 29
3 40 30
3 40 31
3 40 32
3 40 33
3 40 34
3 40 35
3 40 36
3 40 37
3 40 38
3 40 39
3 40 40
4 40 41
4 41 1
3 41 7
1 41 8
4 41 9
4 41 21
4 41 22
4 41 41
4 42 1
4 42 7
1 42 8
4 42 9
4 42 21
4 42 22
4 42 41
4 43 1
4 43 7
1 43 8
4 43 9
4 43 21
4 43 22
5 43 31
4 43 41
4 44 1
4 44 7
1 44 8
4 44 9
4 44 21
4 44 22
4 44 41
4 45 1
4 45 7
1 45 8
4 45 9
4 45 21
4 45 22
4 45 41
4 46 1
4 46 7
1 46 8
4 46 9
4 46 10
4 46 11
4 46 12
4 46 13
4 46 14
4 46 15
4 46 16
4 46 21
4 46 22
4 46 41
4 47 1
4 47 7
1 47 8
1 47 9
1 47 10
1 47 11
1 47 12
1 47 13
1 47 14
1 47 15
3 47 16
4 47 41
4 48 1
4 48 2
4 48 3
4 48 4
4 48 5
4 48 6
4 48 7
4 48 8
4 48 9
4 48 10
4 48 11
4 48 12
4 48 13
4 48 14
4 48 15
4 48 16
4 48 17
4 48 18
4 48 19
4 48 20
4 48 21
4 48 22
4 48 23
4 48 24
4 48 25
4 48 26
4 48 27
4 48 28
4 48 29
4 48 30
4 48 31
4 48 32
4 48 33
4 48 34
4 48 35
4 48 36
4 48 37
4 48 38
4 48 39
4 48 40
4 48 41
